4586402
4587096
4587672
4588236
4588715
4589240
4589790
4590361
4590852
4591371
4591886
4592400
4592896
4593417
4593937
4594465
4595012
4595543
4596091
4596605
4597193
4597757
4598327
4598925
4599500
4600059
4600620
4601156
4601709
4602274
4602946
4603635
4604310
4604962
4605592
4606240
4606899
4607561
4608200
4608800
4609383
4609943
4610554
4611221
4611941
4612646
4613317
4613957
4614595
4615271
4615988
4616673
4617349
4618010
4618684
4619398
4620148
4620901
4621620
4622314
4623041
4623789
4624525
4625238
4625896
4626527
4627162
4627826
4628544
4629286
4630007
4630763
4631607
4632476
4633260
4634003
4634752
4635516
4636314
4637112
4637926
4638690
4639473
4640291
4641147
4641983
4642754
4643508
4644216
4644922
4645686
4646425
4647319
4648107
4648880
4649678
4650537
4651388
4652163
4652911
4653679
4654453
4655246
4656066
4656836
4657594
4658383
4659183
4660011
4660784
4661529
4662276
4663053
4663894
4664753
4665534
4666305
4667060
4667863
4668663
4669466
4670208
4670948
4671745
4672576
4673442
4674244
4674990
4675726
4676462
4677222
4677987
4678800
4679564
4680283
4681023
4681806
4682594
4683397
4684139
4684868
4685615
4686394
4687171
4687952
4688690
4689428
4690177
4691009
4691824
4692613
4693324
4693981
4694640
4695345
4696014
4696162
4697031
4697853
4698681
4699467
4700323
4701088
4701868
4702655
4703423
4704246
4705021
4705801
4706487
4707407
4708211
4708973
4709712
4710458
4711204
4712068
4712844
4713622
4714329
4715040
4715841
4716582
4717476
4718256
4719007
4719776
4720596
4721421
4722184
4722926
4723676
4724468
4725261
4726004
4726735
4727535
4728331
4729139
4729948
4730676
4731423
4732257
4733066
4733888
4734643
4735385
4736132
4736873
4737617
4738329
4739037
4739739
4740459
4741179
4741886
4742598
4743369
4744120
4744871
4745621
4746370
4747096
4747906
4748645
4749387
4750142
4750879
4751601
4752299
4753005
4753713
4754454
4755207
4755929
4756634
4757356
4758115
4758923
4759717
4760434
4761160
4761886
4762608
4763342
4764049
4764776
4765575
4766313
4766413
4767229
4768067
4768836
4769587
4770348
4771167
4771921
4772694
4773443
4774195
4774999
