586
19304361
19305121
19305905
19306685
19307532
19308341
19309132
19309870
19310622
19311365
19312084
19312801
19313544
19314253
19314994
19315561
19316275
19316852
19317617
19318326
19318988
19319641
19320329
19321027
19321719
19322467
19323259
19324051
19324814
19325546
19326275
19326965
19327667
19328342
19329020
19329736
19330463
19331227
19332009
19332796
19333563
19334340
19335166
19335989
19336800
19337584
19338342
19339075
19339792
19340509
19341240
19341996
19342776
19343564
19344344
19345098
19345843
19346569
19347270
19347977
19348696
19349430
19350164
19350888
19351609
19352355
19353115
19353867
19354596
19355310
19356002
19356683
19357361
19358061
19358808
19359612
19360413
19361156
19361900
19362647
19363380
19364090
19364795
19365493
19366192
19366897
19367610
19368307
19369017
19369741
19370485
19371217
19371937
19372646
19373360
19374081
19374820
19375550
19376263
19376968
19377671
19378388
19379119
19379863
19380587
19381289
19381990
19382692
19383389
19384083
19384774
19385456
19386133
19386846
19387621
19388421
19389218
19390015
19390775
19391510
19392240
19392974
19393711
19394432
19395134
19395830
19396516
19397199
19397885
19398584
19399271
19399945
19400610
19401283
19401964
19402637
19403314
19403988
19404679
19405351
19406015
19406675
19407333
19408014
19408724
19409453
19410220
19410961
19411662
19412366
19413066
19413770
19414481
19415185
19415891
19416591
19417282
19417976
19418686
19419425
19420177
19420922
19421656
19422383
19423097
19423833
19424533
19425239
19425973
19426746
19427512
19428291
19429083
19429868
19430634
19431370
19432114
19432846
19433574
19434273
19434994
19435723
19436468
19437197
19437924
19438673
19439411
19440133
19440861
19441567
19442280
19442998
19443742
19444482
19445211
19445956
19446706
19447449
19448172
19448896
19449633
19450365
19451085
19451783
19452507
19453239
19453997
19454724
19455473
19456224
19456983
19457724
19458443
19459169
19459884
19460622
19461350
19462073
19462816
19463553
19464320
19465083
19465809
19466546
19467274
19468005
19468710
19469415
19470129
19470860
19471602
19472330
19473065
19473822
19474595
19475338
19476067
19476831
19477554
19478256
19478977
19479704
19480449
19481163
19481885
19482609
19483331
19484036
19484741
19485437
19486140
19486819
19487493
19488163
19488839
19489516
19490205
19490918
19491644
19492342
19493051
19493760
19494488
19495208
19495911
19496630
19497341
19498050
19498728
19499403
